1001
1900 01 01
1900 01 07
1900 02 22
1900 05 14
1900 06 11
1900 08 12
1900 11 12
1901 02 16
1901 03 31
1901 04 28
1901 06 04
1901 09 04
1901 09 09
1901 09 12
1901 11 05
1902 02 06
1902 04 30
1902 05 22
1902 06 08
1902 06 27
1902 10 01
1902 11 18
1902 12 15
1903 02 25
1903 04 05
1903 06 14
1903 06 27
1903 09 03
1903 12 12
1904 01 17
1904 04 21
1904 04 25
1904 05 07
1904 05 30
1904 07 03
1904 09 15
1904 11 19
1904 12 31
1905 01 12
1905 03 07
1905 05 15
1905 07 02
1905 08 16
1905 10 18
1905 12 15
1906 01 22
1906 03 23
1906 04 16
1906 05 28
1906 06 27
1906 09 14
1906 10 01
1906 11 06
1907 02 05
1907 03 20
1907 06 17
1907 06 24
1907 08 04
1907 09 16
1907 11 20
1908 01 08
1908 02 24
1908 03 01
1908 05 31
1908 06 30
1908 09 09
1908 10 30
1908 11 06
1908 11 08
1909 02 10
1909 03 31
1909 04 30
1909 05 24
1909 08 17
1909 10 11
1909 12 07
1910 01 17
1910 03 25
1910 06 10
1910 07 12
1910 07 21
1910 09 04
1910 10 14
1910 11 10
1910 12 04
1911 01 11
1911 02 19
1911 03 10
1911 06 01
1911 07 01
1911 08 12
1911 09 15
1911 10 01
1911 11 10
1912 01 08
1912 01 13
1912 02 13
1912 05 01
1912 05 08
1912 07 21
1912 10 16
1912 11 07
1912 12 23
1913 01 17
1913 03 31
1913 06 10
1913 07 10
1913 09 26
1913 12 09
1914 03 17
1914 03 30
1914 06 25
1914 09 24
1914 11 25
1915 01 01
1915 02 26
1915 05 05
1915 06 30
1915 09 13
1915 10 15
1915 12 07
1916 01 27
1916 03 18
1916 04 29
1916 05 24
1916 07 30
1916 08 30
1916 09 07
1916 12 08
1916 12 16
1917 01 23
1917 03 22
1917 06 18
1917 08 11
1917 11 03
1917 12 19
1917 12 29
1918 01 08
1918 03 08
1918 03 30
1918 06 27
1918 07 20
1918 09 05
1918 09 12
1918 10 13
1918 10 27
1919 01 04
1919 01 05
1919 04 07
1919 06 09
1919 08 04
1919 08 15
1919 10 14
1919 11 08
1919 12 16
1920 02 03
1920 04 27
1920 08 01
1920 09 12
1920 09 15
1920 11 05
1921 02 05
1921 03 14
1921 05 28
1921 06 18
1921 09 23
1921 10 15
1921 12 03
1922 03 13
1922 05 21
1922 08 14
1922 11 04
1922 12 09
1923 02 01
1923 05 12
1923 05 31
1923 07 09
1923 07 10
1923 10 07
1923 11 04
1924 01 11
1924 02 09
1924 05 13
1924 07 01
1924 09 23
1924 10 01
1924 10 23
1924 11 03
1924 11 21
1924 12 05
1924 12 20
1924 12 30
1925 01 16
1925 02 21
1925 04 14
1925 04 15
1925 06 04
1925 06 24
1925 08 20
1925 11 27
1925 12 01
1925 12 26
1926 01 04
1926 02 18
1926 02 28
1926 05 29
1926 06 01
1926 09 05
1926 11 30
1927 03 04
1927 04 17
1927 05 11
1927 08 07
1927 08 22
1927 08 26
1927 10 14
1927 10 15
1927 12 13
1928 01 01
1928 03 22
1928 06 27
1928 10 04
1928 12 25
1929 03 25
1929 07 02
1929 07 12
1929 09 08
1929 11 20
1929 12 13
1930 01 21
1930 04 24
1930 06 02
1930 08 21
1930 11 20
1931 01 17
1931 03 17
1931 06 17
1931 07 03
1931 09 30
1931 11 26
1931 12 08
1931 12 11
1932 01 15
1932 03 28
1932 05 23
1932 06 21
1932 08 07
1932 10 09
1933 01 04
1933 03 21
1933 04 24
1933 07 03
1933 08 15
1933 09 29
1933 10 16
1934 01 06
1934 04 15
1934 05 08
1934 06 29
1934 07 21
1934 10 29
1934 12 26
1935 03 13
1935 06 14
1935 09 12
1935 11 27
1935 12 10
1935 12 11
1935 12 22
1935 12 26
1936 03 05
1936 05 06
1936 08 03
1936 08 05
1936 11 03
1936 12 29
1937 01 22
1937 01 25
1937 04 21
1937 07 13
1937 10 07
1938 01 04
1938 01 31
1938 02 18
1938 04 17
1938 05 20
1938 06 22
1938 08 31
1938 10 25
1938 11 16
1939 02 14
1939 05 02
1939 06 01
1939 08 09
1939 11 10
1939 12 06
1940 01 31
1940 03 06
1940 04 25
1940 06 06
1940 06 19
1940 08 04
1940 10 04
1940 10 23
1940 12 16
1941 01 25
1941 02 18
1941 05 09
1941 08 14
1941 11 10
1941 12 10
1942 01 29
1942 03 08
1942 05 14
1942 07 03
1942 10 05
1943 01 09
1943 04 17
1943 05 04
1943 07 30
1943 08 05
1943 11 02
1944 01 24
1944 03 20
1944 04 24
1944 05 09
1944 05 11
1944 05 28
1944 08 08
1944 11 03
1945 01 06
1945 01 20
1945 03 17
1945 06 11
1945 08 04
1945 08 17
1945 08 26
1945 09 28
1945 11 13
1945 11 27
1946 01 23
1946 02 14
1946 04 14
1946 05 31
1946 08 22
1946 11 12
1946 12 27
1947 04 03
1947 04 26
1947 05 26
1947 07 27
1947 09 01
1947 10 22
1948 01 04
1948 03 11
1948 04 25
1948 06 24
1948 09 25
1948 11 04
1948 12 28
1949 01 22
1949 03 18
1949 03 29
1949 05 14
1949 07 03
1949 09 28
1949 10 12
1949 12 26
1950 01 18
1950 03 28
1950 04 16
1950 07 13
1950 07 19
1950 09 16
1950 12 17
1950 12 20
1951 01 15
1951 04 03
1951 04 18
1951 05 03
1951 05 28
1951 07 02
1951 09 15
1951 11 27
1952 01 26
1952 02 29
1952 05 10
1952 08 06
1952 11 12
1952 12 01
1953 02 17
1953 05 02
1953 07 12
1953 09 14
1953 11 22
1954 02 23
1954 05 20
1954 05 23
1954 08 12
1954 08 26
1954 09 23
1954 09 26
1955 01 04
1955 02 01
1955 02 27
1955 04 12
1955 05 07
1955 05 31
1955 08 12
1955 10 13
1956 01 03
1956 01 07
1956 02 09
1956 02 15
1956 05 19
1956 06 14
1956 07 16
1956 10 17
1956 11 29
1956 12 22
1957 03 19
1957 05 23
1957 05 24
1957 08 20
1957 10 20
1957 11 03
1958 01 17
1958 03 29
1958 06 08
1958 07 14
1958 08 17
1958 08 29
1958 10 29
1959 02 03
1959 04 12
1959 07 07
1959 08 27
1959 10 07
1960 01 10
1960 04 15
1960 05 10
1960 05 30
1960 06 25
1960 09 10
1960 12 14
1961 02 11
1961 02 14
1961 04 27
1961 07 03
1961 09 20
1961 12 23
1962 02 13
1962 05 09
1962 05 28
1962 08 01
1962 08 21
1962 10 13
1962 10 14
1963 01 10
1963 03 12
1963 04 08
1963 04 19
1963 06 16
1963 08 26
1963 09 11
1963 11 27
1963 12 25
1964 02 07
1964 04 06
1964 06 10
1964 06 20
1964 09 11
1964 12 07
1965 02 11
1965 05 10
1965 07 27
1965 10 10
1965 11 05
1965 12 03
1966 01 02
1966 01 31
1966 02 24
1966 03 17
1966 03 20
1966 05 22
1966 06 15
1966 09 20
1966 10 28
1966 12 29
1967 04 04
1967 04 30
1967 07 04
1967 09 03
1967 09 06
1967 09 23
1967 10 24
1967 11 20
1967 12 02
1968 02 12
1968 02 24
1968 04 12
1968 06 05
1968 06 26
1968 09 25
1968 10 20
1969 01 17
1969 03 22
1969 05 02
1969 06 23
1969 08 25
1969 09 24
1969 09 25
1969 10 09
1969 12 07
1970 02 24
1970 05 01
1970 05 09
1970 07 26
1970 07 27
1970 09 24
1970 11 03
1970 11 07
1971 01 07
1971 03 06
1971 03 31
1971 06 17
1971 06 26
1971 07 10
1971 10 06
1971 10 08
1971 11 28
1972 01 28
1972 02 26
1972 05 30
1972 08 23
1972 08 29
1972 10 09
1972 10 21
1972 10 26
1972 12 01
1973 01 27
1973 04 10
1973 05 31
1973 06 24
1973 09 18
1973 11 14
1973 12 01
1973 12 28
1974 02 24
1974 03 23
1974 05 20
1974 06 27
1974 09 07
1974 11 16
1975 01 17
1975 04 24
1975 05 17
1975 06 04
1975 06 17
1975 07 05
1975 10 10
1976 01 04
1976 02 15
1976 03 10
1976 04 09
1976 05 09
1976 07 14
1976 09 12
1976 10 15
1977 01 20
1977 03 17
1977 05 10
1977 07 12
1977 10 05
1977 11 09
1978 01 03
1978 03 17
1978 05 14
1978 07 23
1978 08 25
1978 10 28
1978 11 05
1979 01 28
1979 02 09
1979 03 17
1979 05 24
1979 07 12
1979 09 26
1979 11 04
1979 11 28
1980 01 10
1980 03 05
1980 03 17
1980 04 28
1980 07 13
1980 09 11
1980 10 07
1980 10 29
1981 01 08
1981 02 04
1981 03 11
1981 03 17
1981 06 09
1981 07 30
1981 11 06
1982 01 25
1982 01 27
1982 05 01
1982 06 05
1982 07 13
1982 08 17
1982 10 13
1983 01 15
1983 04 02
1983 04 08
1983 06 10
1983 07 29
1983 10 19
1983 10 20
1983 11 03
1983 12 15
1984 02 09
1984 04 05
1984 05 18
1984 07 20
1984 08 01
1984 10 18
1984 11 12
1985 01 30
1985 03 24
1985 05 07
1985 08 12
1985 10 25
1985 12 05
1985 12 19
1986 03 05
1986 05 17
1986 06 05
1986 06 16
1986 07 04
1986 08 06
1986 08 19
1986 11 23
1987 02 01
1987 03 05
1987 04 15
1987 07 13
1987 10 07
1988 01 06
1988 04 13
1988 07 12
1988 10 11
1988 11 26
1989 01 19
1989 02 03
1989 03 27
1989 05 07
1989 06 21
1989 08 19
1989 09 24
1989 11 23
1990 02 24
1990 03 02
1990 05 06
1990 07 27
1990 07 31
1990 08 30
1990 11 14
1990 11 23
1991 02 24
1991 06 02
1991 07 22
1991 09 17
1991 11 18
1991 12 16
1992 02 22
1992 04 04
1992 05 04
1992 06 14
1992 06 28
1992 09 11
1992 09 13
1992 11 30
1992 12 16
1993 03 10
1993 03 24
1993 06 25
1993 07 20
1993 07 22
1993 10 23
1993 12 22
1994 03 03
1994 04 01
1994 04 29
1994 07 23
1994 10 07
1995 01 02
1995 04 11
1995 06 21
1995 09 17
1995 11 04
1995 11 09
1995 11 13
1995 12 05
1996 02 07
1996 02 14
1996 04 18
1996 04 29
1996 07 10
1996 10 08
1996 11 18
1997 01 22
1997 03 06
1997 03 26
1997 04 09
1997 07 10
1997 07 15
1997 08 03
1997 09 05
1997 10 26
1997 11 01
1998 01 16
1998 02 25
1998 03 01
1998 03 24
1998 07 01
1998 08 18
1998 11 11
1998 12 30
1999 03 12
1999 05 16
1999 05 30
1999 08 14
1999 09 29
1999 10 12
1999 11 28
2000 02 15
2000 04 26
2000 06 28
2000 07 18
2000 10 12
2001 01 10
2001 02 24
2001 05 01
2001 06 11
2001 07 27
2001 08 05
2001 08 24
2001 11 03
2001 11 05
2001 11 29
2002 01 01
2002 03 15
2002 05 07
2002 08 03
2002 10 13
2002 12 16
2002 12 18
2002 12 22
2003 01 15
2003 02 12
2003 02 13
2003 04 24
2003 05 10
2003 07 15
2003 08 13
2003 09 26
2003 11 13
2004 02 10
2004 03 25
2004 05 02
2004 05 12
2004 07 15
2004 09 03
2004 11 24
2005 02 21
2005 04 05
2005 04 14
2005 06 14
2005 07 06
2005 09 03
2005 10 28
2006 01 25
2006 03 13
2006 06 12
2006 08 01
2006 09 14
2006 10 15
2006 11 05
2006 12 24
2007 03 02
2007 04 08
2007 07 01
2007 08 06
2007 09 02
2007 11 27
2008 01 05
2008 02 28
2008 03 29
2008 04 23
2008 06 11
2008 07 05
2008 09 03
2008 10 31
2009 01 06
2009 02 20
2009 04 17
2009 05 06
2009 06 02
2009 06 14
2009 07 10
2009 09 04
2009 09 06
2009 10 26
2010 01 31
2010 04 26
2010 05 12
2010 07 16
2010 08 28
2010 11 12
2010 11 26
2011 01 08
2011 04 15
2011 06 03
2011 08 15
2011 09 11
2011 09 18
2011 12 01
2011 12 31
2012 01 05
2012 01 11
2012 02 07
2012 02 20
2012 05 06
2012 08 08
2012 10 13
2012 11 19
2012 12 26
2013 02 06
2013 02 21
2013 05 27
2013 07 23
2013 09 14
2013 10 21
2013 11 29
2014 02 20
2014 04 17
2014 05 03
2014 06 04
2014 07 05
2014 08 16
2014 09 11
2014 09 23
2014 10 31
2015 01 26
2015 04 27
2015 06 17
2015 08 19
2015 09 23
2015 12 26
2016 02 18
2016 03 06
2016 04 28
2016 05 07
2016 07 09
2016 08 12
2016 10 06
2016 10 10
2016 11 14
2016 11 18
2017 01 14
2017 03 04
2017 03 29
2017 04 16
2017 04 30
2017 05 10
2017 06 08
2017 06 09
2017 08 29
2017 09 17
2017 11 15
2018 01 05
2018 03 02
2018 05 03
2018 07 07
2018 07 11
2018 09 26
2018 11 09
2018 11 19
2018 11 22
2019 01 23
2019 04 23
2019 06 11
2019 09 02
2019 10 26
2020 01 09
2020 01 30
2020 02 02
2020 02 26
2020 03 29
2020 06 07
2020 08 25
2020 10 24
2020 11 02
2020 11 22
2021 02 02
2021 02 06
2021 03 24
2021 06 14
2021 06 19
2021 09 20
2021 12 15
2021 12 29
2022 04 07
2022 07 06
2022 07 29
2022 09 06
2022 10 14
2022 10 25
2022 12 26
2023 01 30
2023 02 08
2023 04 11
2023 06 10
2023 09 12
2023 09 28
2023 12 07
2024 01 14
2024 03 24
2024 05 22
2024 05 23
2024 08 03
2024 10 07
2024 10 25
2024 11 10
2025 01 05
2025 01 21
2025 02 21
2025 04 02
2025 04 15
2025 07 13
2025 10 04
2025 11 28
2026 02 22
2026 03 05
2026 05 29
2026 08 12
2026 11 01
2026 11 17
2027 01 08
2027 02 19
2027 03 07
2027 05 26
2027 06 06
2027 09 13
2027 11 26
2028 02 23
2028 05 11
2028 06 13
2028 08 09
2028 11 07
2028 11 21
2028 11 30
2029 01 11
2029 04 12
2029 05 06
2029 07 09
2029 08 07
2029 10 31
2030 01 18
2030 01 19
2030 04 01
2030 06 26
2030 09 09
2030 11 20
2030 12 24
2031 03 02
2031 04 25
2031 07 30
2031 10 07
2031 11 02
2032 01 18
2032 02 17
2032 04 08
2032 07 16
2032 07 26
2032 10 28
2033 01 23
2033 04 14
2033 05 01
2033 06 20
2033 08 27
2033 09 25
2033 12 14
2034 02 17
2034 03 11
2034 03 17
2034 04 13
2034 04 30
2034 05 17
2034 06 13
