101
1900 01 01
1900 01 07
1900 01 13
1900 01 15
1900 02 12
1900 02 14
1900 02 26
1900 03 23
1900 03 26
1900 04 23
1900 04 30
1900 05 22
1900 06 16
1900 06 19
1900 06 23
1900 07 16
1900 08 08
1900 08 30
1900 09 26
1900 10 05
1900 10 11
1900 10 29
1900 11 05
1900 11 17
1900 12 06
1900 12 16
1901 01 08
1901 01 26
1901 02 15
1901 03 13
1901 04 07
1901 05 01
1901 05 23
1901 05 26
1901 05 30
1901 06 03
1901 06 18
1901 07 10
1901 07 12
1901 08 05
1901 09 03
1901 09 21
1901 10 06
1901 10 29
1901 11 26
1901 12 24
1902 01 13
1902 02 06
1902 02 28
1902 03 20
1902 04 18
1902 05 05
1902 05 11
1902 06 01
1902 06 14
1902 07 03
1902 07 20
1902 07 31
1902 08 03
1902 08 08
1902 09 06
1902 10 03
1902 10 19
1902 11 09
1902 11 19
1902 11 30
1902 12 21
1902 12 28
1903 01 19
1903 01 23
1903 02 01
1903 02 11
1903 03 07
1903 04 01
1903 04 06
1903 04 13
1903 05 04
1903 05 21
1903 06 17
1903 06 29
1903 07 28
1903 08 22
1903 09 01
1903 09 28
1903 10 12
1903 10 30
1903 11 28
1903 12 07
1903 12 20
1903 12 30
1904 01 11
1904 01 15
1904 01 21
1904 02 10
1904 02 29
1904 03 25
1904 03 26
1904 04 23
1904 05 20
1904 06 13
1904 06 20
